00240418 (5)
00088119 (3.5)	
00129320 (5.7)
00079320 (5)
00174220 (6.17)
00021620 (6.97)
00350918 (2.6)
00274119 (4.8)
00078718 (4.17)
00015919 (4.17)
00222218 (3)
00157320 (5)
00067219 (5.1)
00065019 (3)
00023020 (5.5)
00009219 (4.7)

-------------------------------
discu 02

00029419 (4.6)
00377319 (7) fisica II
00065520 (3.6)
00274320 (3.6)
00172620 (2.6)
00350918 (2.6)
00020319 (6.67)
--------------------------------
discu 04

00194320 (3.1)
00211419 (7.67)
00163918 (4.1)
00070420 (6.17)
00011519 (4.6)
----------------------------------------------------
