00132419(8.75)
00026220(10)		
00145319(5.9)
00045102(6.67)
00043719(5.94)
00123619(3.44)
00402218(3)
00123619(3)
00351517(6)
00063519(1)
00312819(2)
00038619(3)	
00157218(5)
00170618(5)
00022819(4)
00064219(4)
00090719(2)
00044518(5)
00053919(2)
00111819(1)
00169919(4.8)
00105219(6.58)
00211719(4.9)
00120118(2.3)
00084918(5.8)
00071719(2.9)
00019219(1.4)
00140817(2.4)
00060319(3)
00228019(2.8)
00303319(5.2)
00266716(2.9)

00191517(5)
00097619(5)
00049118(3)
00200219(3)
00110219(5)
00075316(4.7)

00295319(3.2)
00107719(3.4)
00353217(3.2)
00047919(3.5)
00031819(3.5)
00007419(0.7)
00211419(5.7)
00058818(5.1)
00053318(1)
00021519(3.7)
00145819(4)
00187219(1.5)
00042618(6)
00035019(1.35)
00357518(3.5)