00021819
00315619
00087919
00119819
00079819
00028619
00088616
00130019
00039619
00021118
00080019
00199916
00309419
00363616
00023319
00117319
00022219
00091719
00359919
00362816
00117118
00270119
00041319
00361518
00216819
00122818
00146219
00035719
00112117
00128019
00281519
00057019
00075115
00101716
00188419
00216019
00109619
00131919
00061217
00205019
00111519
00058719
00083519
00019919
00215919
00171819
00312219
00402918
00138218
00039219
00037319
00049419
00203919
00021119
00160619
00056819
00091318
00303419
00203019
00147318
00079718
00038619
00148919
00061419
00026118
00118719
00170319
00001318
00033119
00289419
00041619
00144819
00117819
00206718
00190918
00126618
00193219
00128319
00186819



	